         519510         525152        -188531         107385        -182610   -1.12488e+06   -5.63557e+07   -3.13189e+07   -2.77021e+07    1.08825e+08    4.02937e+06        -593627       -18561.4         214757         480701         340817         356026         425642         405418         305124         186744        92786.5        35361.4        8094.28       -906.202
         525152         535330        -181379         112311        -176199   -1.17005e+06   -5.62799e+07   -3.13664e+07   -2.77398e+07    1.08707e+08    4.17901e+06        -616214       -19033.2         206768         467859         341986         371965         445273         421181         315285         192433        95643.1        36642.9        8579.92       -781.182
        -188531        -181379         189553        28021.9         185343        84154.8    1.73454e+07    9.45733e+06     8.3669e+06   -3.34441e+07        -910735         133447        5334.41       -80461.9        -202695        -156750        -117685        -108800       -96263.2       -71452.7       -43352.5       -20917.7       -7281.76       -1074.95        660.089
         107385         112311        28021.9        59714.5        28334.2        -408796   -1.36954e+07   -7.68656e+06   -6.79889e+06    2.64663e+07    1.11755e+06        -164949       -4557.05        46541.7        89345.2          52183        76022.3         109167         109282        83423.6        51463.1        25920.4          10210        2611.87       -43.3733
        -182610        -176199         185343        28334.2         181347        78280.7    1.65973e+07    9.05791e+06    8.01285e+06   -3.20048e+07        -885488         129837         5175.1       -76227.4        -193999        -152301        -115749        -106708       -93794.6         -69306         -41949       -20227.7       -7054.53       -1058.17        625.426
   -1.12488e+06   -1.17005e+06        84154.8        -408796        78280.7    3.32125e+06    1.28255e+08    7.19106e+07    6.35976e+07   -2.47846e+08   -1.03105e+07    1.52085e+06        44266.4        -436123        -930099        -649226        -826398   -1.06944e+06   -1.03066e+06        -774443        -473766        -237037       -92507.4       -23100.3        817.501
   -5.63557e+07   -5.62799e+07    1.73454e+07   -1.36954e+07    1.65973e+07    1.28255e+08    6.46356e+09    3.58981e+09    3.17246e+09   -1.24842e+10   -4.50714e+08    6.60296e+07      2.039e+06   -2.55935e+07   -5.53619e+07   -3.62012e+07   -3.61666e+07   -4.44643e+07   -4.33957e+07   -3.31273e+07   -2.04245e+07    -1.0169e+07   -3.85789e+06        -860875         117863
   -3.13189e+07   -3.13664e+07    9.45733e+06   -7.68656e+06    9.05791e+06    7.19106e+07    3.58981e+09    1.99969e+09    1.76585e+09   -6.93635e+09   -2.58647e+08    3.80774e+07    1.14713e+06   -1.39714e+07   -3.04173e+07   -2.01028e+07   -2.03404e+07   -2.49857e+07   -2.43175e+07    -1.8529e+07   -1.14139e+07   -5.68314e+06   -2.15917e+06        -484772        63715.4
   -2.77021e+07   -2.77398e+07     8.3669e+06   -6.79889e+06    8.01285e+06    6.35976e+07    3.17246e+09    1.76585e+09    1.56007e+09   -6.12912e+09   -2.27333e+08    3.34144e+07    1.01133e+06   -1.23839e+07   -2.69162e+07   -1.77718e+07   -1.79808e+07   -2.20949e+07   -2.15072e+07   -1.63884e+07   -1.00952e+07   -5.02635e+06   -1.90949e+06        -428625        56398.6
    1.08825e+08    1.08707e+08   -3.34441e+07    2.64663e+07   -3.20048e+07   -2.47846e+08   -1.24842e+10   -6.93635e+09   -6.12912e+09    2.41144e+10    8.73748e+08   -1.28002e+08   -3.94435e+06    4.93324e+07    1.06799e+08    6.99073e+07    6.99151e+07    8.59447e+07    8.38575e+07    6.40041e+07    3.94585e+07    1.96459e+07    7.45412e+06    1.66422e+06        -227085
    4.02937e+06    4.17901e+06        -910735    1.11755e+06        -885488   -1.03105e+07   -4.50714e+08   -2.58647e+08   -2.27333e+08    8.73748e+08    4.47058e+07   -6.96153e+06        -164130    1.41825e+06    3.34393e+06    2.54645e+06    3.00508e+06    3.66729e+06    3.46228e+06    2.58248e+06    1.57413e+06         784217         302987          72868       -5237.87
        -593627        -616214         133447        -164949         129837    1.52085e+06    6.60296e+07    3.80774e+07    3.34144e+07   -1.28002e+08   -6.96153e+06    1.14324e+06          24200        -205485        -490473        -377383        -444247        -540389        -509783        -380318        -231948        -115640       -44722.5       -10777.5        760.194
       -18561.4       -19033.2        5334.41       -4557.05         5175.1        44266.4      2.039e+06    1.14713e+06    1.01133e+06   -3.94435e+06        -164130          24200        708.505       -7112.75       -16190.7       -11855.1       -13333.6       -16189.9       -15352.4       -11493.3       -7016.62       -3492.72       -1343.97       -319.353        25.2004
         214757         206768       -80461.9        46541.7       -76227.4        -436123   -2.55935e+07   -1.39714e+07   -1.23839e+07    4.93324e+07    1.41825e+06        -205485       -7112.75         116519         241877         141221         116882         144331         146740         115175        71974.4        35802.7        13267.2        2644.66       -661.378
         480701         467859        -202695        89345.2        -193999        -930099   -5.53619e+07   -3.04173e+07   -2.69162e+07    1.06799e+08    3.34393e+06        -490473       -16190.7         241877         518536         323218         279510         334495         331634         256872         159487        79178.6        29426.3        5979.46       -1375.56
         340817         341986        -156750          52183        -152301        -649226   -3.62012e+07   -2.01028e+07   -1.77718e+07    6.99073e+07    2.54645e+06        -377383       -11855.1         141221         323218         232981         230400         266464         251748         189205         115695        57303.8        21633.1         4771.7       -702.118
         356026         371965        -117685        76022.3        -115749        -826398   -3.61666e+07   -2.03404e+07   -1.79808e+07    6.99151e+07    3.00508e+06        -444247       -13333.6         116882         279510         230400         278330         330248         304856         224244         135612        67378.8        26151.8         6471.4       -271.586
         425642         445273        -108800         109167        -106708   -1.06944e+06   -4.44643e+07   -2.49857e+07   -2.20949e+07    8.59447e+07    3.66729e+06        -540389       -16189.9         144331         334495         266464         330248         401384         374439         276746         167810        83564.2        32544.2        8132.23        -273.56
         405418         421181       -96263.2         109282       -93794.6   -1.03066e+06   -4.33957e+07   -2.43175e+07   -2.15072e+07    8.38575e+07    3.46228e+06        -509783       -15352.4         146740         331634         251748         304856         374439         352869         262476         159701        79590.3        30917.8         7635.9       -333.883
         305124         315285       -71452.7        83423.6         -69306        -774443   -3.31273e+07    -1.8529e+07   -1.63884e+07    6.40041e+07    2.58248e+06        -380318       -11493.3         115175         256872         189205         224244         276746         262476         196068         119563          59606        23100.6        5647.66       -296.707
         186744         192433       -43352.5        51463.1         -41949        -473766   -2.04245e+07   -1.14139e+07   -1.00952e+07    3.94585e+07    1.57413e+06        -231948       -7016.62        71974.4         159487         115695         135612         167810         159701         119563        72998.2        36399.4        14091.4        3428.33       -194.525
        92786.5        95643.1       -20917.7        25920.4       -20227.7        -237037    -1.0169e+07   -5.68314e+06   -5.02635e+06    1.96459e+07         784217        -115640       -3492.72        35802.7        79178.6        57303.8        67378.8        83564.2        79590.3          59606        36399.4        18156.9        7033.58        1715.38        -93.358
        35361.4        36642.9       -7281.76          10210       -7054.53       -92507.4   -3.85789e+06   -2.15917e+06   -1.90949e+06    7.45412e+06         302987       -44722.5       -1343.97        13267.2        29426.3        21633.1        26151.8        32544.2        30917.8        23100.6        14091.4        7033.58        2736.56        677.465       -27.4751
        8094.28        8579.92       -1074.95        2611.87       -1058.17       -23100.3        -860875        -484772        -428625    1.66422e+06          72868       -10777.5       -319.353        2644.66        5979.46         4771.7         6471.4        8132.23         7635.9        5647.66        3428.33        1715.38        677.465        178.714         1.7559
       -906.202       -781.182        660.089       -43.3733        625.426        817.501         117863        63715.4        56398.6        -227085       -5237.87        760.194        25.2004       -661.378       -1375.56       -702.118       -271.586        -273.56       -333.883       -296.707       -194.525        -93.358       -27.4751         1.7559        8.74341
