        30.8328        8.90289        23.4166       -893.143        212.279        627.879         4.6105         60.004        98.9698        52.6982       -15.4034       -53.4771       -59.3071       -49.4131       -36.6968       -26.2304       -18.4518       -12.5007       -7.75452
        8.90289        5.85174        7.94182        216.129        282.323       -517.764       -1.08084        2.58964        18.6315        17.6215        3.58554       -7.87635       -11.9712       -11.2386       -8.96801       -6.84125        -5.2149       -3.93599       -2.84023
        23.4166        7.94182        18.3442       -480.375        256.959        181.919        2.49728        39.6337        71.4464        41.1698       -8.64541       -37.9869       -43.4152       -36.6667       -27.4568       -19.7698       -14.0402        -9.6487       -6.12286
       -893.143        216.129       -480.375         184444        83069.2        -265419        -902.07       -5561.44       -4025.45        148.657        1973.65        1832.14        1172.86        683.835        440.485        327.502         250.47        175.631         105.37
        212.279        282.323        256.959        83069.2        52814.3        -135792       -398.117       -1656.79        191.616         1371.8        667.898        -376.43       -884.693        -892.73       -690.516       -474.797        -311.16       -196.949       -114.483
        627.879       -517.764        181.919        -265419        -135792         399136         1289.9        7111.83        3679.77       -1596.95       -2620.34       -1383.57       -209.163        274.873        300.094        184.584        88.4334        41.4496        22.8006
         4.6105       -1.08084        2.49728        -902.07       -398.117         1289.9        5.41968         27.681        20.7676      -0.102599       -9.90913       -9.75189       -6.61148        -4.0637       -2.66667       -1.93982       -1.43467      -0.975911      -0.565097
         60.004        2.58964        39.6337       -5561.44       -1656.79        7111.83         27.681        215.662        231.888        66.7293       -72.9564       -122.808       -114.306       -87.4801       -62.5979       -44.2148       -30.7627        -20.233       -11.7713
        98.9698        18.6315        71.4464       -4025.45        191.616        3679.77        20.7676        231.888         349.73        165.993       -72.8566       -197.444       -210.345       -171.752       -125.582       -88.2032       -60.5598       -39.5837       -23.1558
        52.6982        17.6215        41.1698        148.657         1371.8       -1596.95      -0.102599        66.7293        165.993        112.297       -15.3549       -98.2183       -116.988       -99.9985       -74.3654        -52.344       -35.9418       -23.6804       -14.1681
       -15.4034        3.58554       -8.64541        1973.65        667.898       -2620.34       -9.90913       -72.9564       -72.8566       -15.3549        29.5719        41.7583        36.9029        27.2387        18.8143        12.7034         8.2696        4.87436        2.26358
       -53.4771       -7.87635       -37.9869        1832.14        -376.43       -1383.57       -9.75189       -122.808       -197.444       -98.2183        41.7583        118.538        126.514        103.521         75.251        52.1115        35.0104        22.1942        12.3437
       -59.3071       -11.9712       -43.4152        1172.86       -884.693       -209.163       -6.61148       -114.306       -210.345       -116.988        36.9029        126.514        141.906        117.022        85.6084        59.4272        40.0311        25.5463         14.425
       -49.4131       -11.2386       -36.6667        683.835        -892.73        274.873        -4.0637       -87.4801       -171.752       -99.9985        27.2387        103.521        117.022        98.8041        71.7623        49.8975        33.6817        21.5836        12.2914
       -36.6968       -8.96801       -27.4568        440.485       -690.516        300.094       -2.66667       -62.5979       -125.582       -74.3654        18.8143         75.251        85.6084        71.7623        53.7696        36.7821        24.9173        16.0571        9.23565
       -26.2304       -6.84125       -19.7698        327.502       -474.797        184.584       -1.93982       -44.2148       -88.2032        -52.344        12.7034        52.1115        59.4272        49.8975        36.7821        26.7418        17.5436        11.4046        6.65536
       -18.4518        -5.2149       -14.0402         250.47        -311.16        88.4334       -1.43467       -30.7627       -60.5598       -35.9418         8.2696        35.0104        40.0311        33.6817        24.9173        17.5436        13.0633        7.94148        4.72916
       -12.5007       -3.93599        -9.6487        175.631       -196.949        41.4496      -0.975911        -20.233       -39.5837       -23.6804        4.87436        22.1942        25.5463        21.5836        16.0571        11.4046        7.94148        6.32079        3.25641
       -7.75452       -2.84023       -6.12286         105.37       -114.483        22.8006      -0.565097       -11.7713       -23.1558       -14.1681        2.26358        12.3437         14.425        12.2914        9.23565        6.65536        4.72916        3.25641        3.07527
